80000,13.408774834437077,0.025
160000,14.144403165885938,0.0
240000,14.928187086092692,0.0
320000,14.85786423841058,0.0
400000,13.98497516556291,0.025
480000,15.562168874172169,0.025
560000,15.728245803172621,0.0
640000,15.77458609271521,0.0
720000,15.564942052980104,0.0
800000,15.989041311888963,0.0
880000,15.934809602648983,0.0
960000,16.206539735099305,0.0
1040000,16.92711289813936,0.0
1120000,15.564114238410573,0.0
1200000,15.440562913907266,0.0
1280000,16.21982615894037,0.0
1360000,16.98316104021964,0.0
1440000,17.078208766950464,0.023809523809523808
1520000,17.32115066225163,0.0
1600000,17.337086092715207,0.0
1680000,16.313410596026472,0.0
1760000,16.728476821192032,0.0
1840000,16.085389072847665,0.0
1920000,16.91773099968462,0.0
2000000,16.331829470198652,0.0
2080000,16.851324503311236,0.025
2160000,16.944891201513688,0.0
2240000,16.981303505088007,0.0
2320000,16.84622839605877,0.024390243902439025
2400000,16.68290562913905,0.0
2480000,16.74479082539169,0.0
2560000,16.983485099337724,0.05
2640000,17.178886786502662,0.023809523809523808
2720000,16.40819536423839,0.05
2800000,18.082094976578883,0.024390243902439025
2880000,17.053766556291375,0.075
2960000,17.026365894039717,0.05
3040000,16.536258278145674,0.025
3120000,17.384602649006602,0.15
3200000,16.826356039104354,0.0
3280000,16.674213576158927,0.025
3360000,16.647682119205285,0.1
3440000,17.470943708609248,0.075
3520000,17.098772411565147,0.0
3600000,16.689900662251638,0.05
3680000,17.884105960264883,0.25
3760000,16.401531456953627,0.05
3840000,17.4162251655629,0.1
3920000,17.525538079470184,0.05
4000000,17.193667218543027,0.1
4080000,16.98245033112581,0.125
4160000,16.652897350993364,0.075
4240000,16.916087869487946,0.12195121951219512
4320000,16.882119205298,0.25
4400000,17.48153973509932,0.3
4480000,17.336092715231775,0.275
4560000,17.85612582781455,0.325
4640000,17.916763245033103,0.45
4720000,17.69648178807946,0.375
4800000,17.360264900662237,0.35
4880000,17.97495860927152,0.55
4960000,18.565231788079462,0.65
5040000,18.552524834437083,0.675
5120000,19.453440478113386,0.7804878048780488
5200000,17.966514900662244,0.575
5280000,18.475248344370858,0.675
5360000,17.931581125827805,0.5
5440000,17.855960264900656,0.5
5520000,17.76229304635761,0.55
5600000,18.74060430463576,0.725
5680000,18.91596672589242,0.7804878048780488
5760000,18.433071192052978,0.7
5840000,18.721854304635755,0.675
5920000,18.32508278145695,0.6
6000000,19.05360099337748,0.775
6080000,18.757160596026484,0.725
6160000,18.894950331125823,0.7
6240000,18.47669701986754,0.6
6320000,18.387748344370856,0.625
6400000,18.066763245033105,0.575
6480000,18.416432119205297,0.7
6560000,18.367963576158935,0.6
6640000,18.756622516556288,0.75
6720000,18.39511589403973,0.625
6800000,19.17090231788079,0.775
6880000,18.779304635761587,0.75
6960000,19.096605960264895,0.8
7040000,19.003352649006622,0.8
7120000,18.428766556291386,0.675
7200000,19.934354304635757,0.975
7280000,18.954530770473266,0.8048780487804879
7360000,19.23290562913907,0.85
7440000,18.8994619205298,0.775
7520000,19.13211920529801,0.825
7600000,19.36341059602649,0.85
7680000,19.495653973509935,0.9
7760000,19.09942052980132,0.75
7840000,19.487127483443704,0.85
7920000,19.468832781456953,0.9
8000000,19.21575674366015,0.8048780487804879
8080000,19.190852649006622,0.85
8160000,19.466804635761587,0.875
8240000,19.664486754966884,0.925
8320000,18.942052980132445,0.75
8400000,19.41440397350993,0.9
8480000,19.84635761589404,0.95
8560000,19.39225993377483,0.85
8640000,19.130339403973508,0.8
8720000,19.808609271523174,0.95
8800000,19.874999999999996,0.95
8880000,19.44279801324503,0.85
8960000,19.843708609271523,0.95
9040000,19.553021523178806,0.875
9120000,19.64139072847682,0.9
9200000,19.74387417218543,0.925
9280000,19.21862582781457,0.825
9360000,19.522723509933776,0.9
9440000,19.60976821192053,0.9
9520000,19.76712162816992,0.926829268292683
9600000,19.14971026490066,0.8
9680000,19.650496688741722,0.925
9760000,19.78903145695364,0.95
9840000,19.52595198675497,0.875
9920000,19.797851720239056,0.9512195121951219
10000000,19.204842715231784,0.825
10080000,19.650082781456952,0.9
10160000,19.63174668874172,0.9
10240000,19.481208609271523,0.9
10320000,19.85960264900662,0.975
10400000,19.394495033112584,0.85
10480000,19.519205298013244,0.875
10560000,19.39085264900662,0.825
10640000,19.44023582619932,0.8780487804878049
10720000,19.38319536423841,0.875
10800000,19.209395695364236,0.85
10880000,19.62864238410596,0.925
10960000,19.71291390728477,0.925
11040000,19.699254966887416,0.925
11120000,19.929139072847683,0.975
11200000,19.616473509933773,0.9
11280000,19.831043046357614,0.975
11360000,19.50467715231788,0.875
11440000,19.391059602649,0.85
11520000,19.874917218543047,0.975
11600000,19.70935430463576,0.95
11680000,19.454677152317878,0.875
11760000,19.798841059602648,0.95
11840000,19.800869205298014,0.95
11920000,19.750620860927153,0.95
12000000,19.74362582781457,0.95
12080000,19.736879139072848,0.95
12160000,19.557243377483445,0.9
12240000,19.570571192052977,0.9
12320000,20.00662251655629,1.0
12400000,19.58004966887417,0.9
12480000,19.43836920529801,0.875
12560000,19.869867549668875,0.975
12640000,19.925041390728474,0.975
12720000,19.578435430463575,0.9
12800000,19.794370860927152,0.95
12880000,19.602152317880794,0.9
12960000,19.893377483443707,0.975
13040000,19.71129966887417,0.95
13120000,19.783195364238413,0.925
13200000,19.87276490066225,0.95
13280000,19.888327814569536,0.975
13360000,19.74010564490697,0.9285714285714286
13440000,19.579097682119205,0.9
13520000,20.00620860927152,1.0
13600000,19.77810430463576,0.95
13680000,19.62847682119205,0.925
13760000,19.76895695364238,0.95
13840000,19.60438741721854,0.9
13920000,19.673841059602648,0.925
14000000,19.647350993377483,0.925
14080000,19.68890728476821,0.925
14160000,19.877152317880793,0.975
14240000,19.508526490066224,0.9
14320000,19.855753311258276,0.975
14400000,19.49813741721854,0.9
14480000,19.470653973509933,0.925
14560000,19.752649006622516,0.95
14640000,19.546963333871748,0.9024390243902439
14720000,19.0955298013245,0.8
14800000,19.70633278145695,0.925
14880000,19.924420529801324,0.975
14960000,19.578104304635758,0.925
15040000,19.479925496688743,0.9
15120000,19.60894039735099,0.9
15200000,19.58671357615894,0.9
15280000,19.886134105960263,0.975
15360000,19.858692052980132,0.95
15440000,19.420364238410592,0.85
15520000,19.579718543046358,0.875
15600000,19.338152156356003,0.8780487804878049
15680000,18.8153559602649,0.75
15760000,19.505587748344368,0.875
15840000,19.83398178807947,0.95
15920000,19.84205298013245,0.95
16000000,18.378694879664025,0.6829268292682927
16080000,19.653932119205297,0.925
16160000,19.676200331125823,0.925
16240000,19.872309602649004,0.95
16320000,19.530794701986753,0.9
16400000,19.479607494750443,0.9024390243902439
16480000,19.805960264900662,0.95
16560000,19.917549668874173,0.975
16640000,19.758071192052977,0.925
16720000,19.718708609271523,0.925
16800000,19.488451986754967,0.875
16880000,19.53004966887417,0.9
16960000,19.7364238410596,0.95
17040000,19.777483443708608,0.95
17120000,19.400041390728475,0.875
17200000,19.64623344370861,0.925
17280000,19.530587748344367,0.9
17360000,19.817963576158938,0.95
17440000,19.631043046357615,0.925
17520000,19.729635761589403,0.95
17600000,19.928145695364236,0.975
17680000,19.847764900662252,0.95
17760000,19.554346026490066,0.9
17840000,19.68398178807947,0.925
17920000,19.82847682119205,0.95
18000000,19.69751655629139,0.925
18080000,19.829304635761588,0.95
18160000,19.569329470198674,0.9
18240000,19.732077814569536,0.95
18320000,19.470943708609273,0.875
18400000,19.484809602649005,0.9
18480000,19.42483443708609,0.875
18560000,19.692094370860925,0.925
18640000,19.571523178807944,0.9
18720000,19.628476821192052,0.95
18800000,19.627160394120494,0.9024390243902439
18880000,19.659726821192056,0.95
18960000,19.736009933774834,0.95
19040000,19.37148178807947,0.875
